%YAML:1.0
calibration_time: "Sun Apr 26 19:36:29 2015"
nframes: 23
image_width: 4000
image_height: 3000
board_width: 8
board_height: 12
square_size: 4.6999999321997166e-03
flags: 0
camera_matrix: !!opencv-matrix
   rows: 3
   cols: 3
   dt: d
   data: [ 2.3695992864000450e+03, 0., 2.0113118313897778e+03, 0.,
       2.3694957327077573e+03, 1.5074650425551001e+03, 0., 0., 1. ]
distortion_coefficients: !!opencv-matrix
   rows: 5
   cols: 1
   dt: d
   data: [ -1.3582883865718723e-01, 1.2843920586740615e-01,
       5.0042783524633576e-04, 3.8441428422153560e-04,
       -3.5994023459872425e-02 ]
avg_reprojection_error: 8.1686704539394883e-01
per_view_reprojection_errors: !!opencv-matrix
   rows: 23
   cols: 1
   dt: f
   data: [ 2.46125475e-01, 3.08782607e-01, 3.67482638e+00,
       4.17447358e-01, 1.93617493e-01, 2.21263409e-01, 1.62390471e-01,
       3.26219529e-01, 2.09424317e-01, 2.99649686e-01, 2.63789505e-01,
       4.10084009e-01, 2.20333040e-01, 3.90885770e-01, 3.18836629e-01,
       2.25197747e-01, 3.36740524e-01, 3.22629601e-01, 3.10888827e-01,
       2.06115469e-01, 2.11863160e-01, 2.59707332e-01, 3.15302432e-01 ]
extrinsic_parameters: !!opencv-matrix
   rows: 23
   cols: 6
   dt: d
   data: [ 7.0902681607309920e-02, 3.1071101320558268e-02,
       3.9221771506976970e-02, -3.4609283556355050e-02,
       -2.1423210762333944e-02, 7.8072368687614968e-02,
       7.0774342772740598e-02, 3.1653313923541537e-01,
       7.1319395575610817e-02, 2.4904790186590611e-03,
       -2.2371356758294048e-02, 8.4197970927021470e-02,
       -7.0730548221950351e-02, 3.6166108561155880e-01,
       2.4679336043408991e-02, 1.5359487372637029e-02,
       -1.3846686521117866e-02, 8.0226838324256561e-02,
       -6.9606458543559693e-02, -1.1418902528974527e-01,
       4.8617003866564586e-03, -3.5071303324235019e-02,
       -1.7260714347413979e-02, 8.2347590731377290e-02,
       -6.2327510482465771e-02, 1.1397675330638121e-01,
       1.1923686402668230e-02, -4.3008823165618677e-03,
       -1.9187215390782233e-02, 1.0159843670762178e-01,
       -4.2701335548873502e-02, -4.3724372820729029e-01,
       2.3434662307829715e-01, -4.9939430740017866e-02,
       -3.2648755204494395e-02, 9.8066334749099662e-02,
       -9.0616712555138396e-02, 2.0091752789712333e-01,
       6.9953161339415049e-01, 3.2748323735536815e-02,
       -1.0239946500134010e-02, 1.1190224971422597e-01,
       -7.8805210138811643e-02, 2.6326126875245093e-01,
       -4.1499460879799405e-01, 1.2352262602442637e-02,
       -2.1566081666892171e-02, 1.0800884458339223e-01,
       -1.2913076633811771e-01, -2.0856505641113779e-01,
       -4.1278536414440425e-01, -4.1631680576845874e-02,
       -3.9329628968363447e-03, 9.9425697015553385e-02,
       -8.3989409894504097e-02, -4.3674115475396869e-01,
       9.9636985504990803e-03, -5.9180981984801026e-02,
       -2.2646919478418841e-02, 8.6722597430918077e-02,
       -1.3342883077449499e-01, -5.3029856863600698e-02,
       -1.2192542503052763e-02, -1.6816016426942203e-02,
       -1.5233575053681010e-02, 1.0615237564246501e-01,
       6.4255698827431887e-02, -2.8679055477690167e-02,
       -3.6439820015053824e-02, -1.4944329562290129e-02,
       -3.5711034109128258e-02, 1.0087111242617880e-01,
       -1.1005741350142807e-02, 1.5262562328238794e-02,
       -8.0437356054496567e-01, -2.7661404124261844e-02,
       -1.2122699226425960e-02, 1.0390381953999610e-01,
       -2.0865016360170359e-02, 9.3636278572038184e-02,
       -7.8729957054365207e-01, -1.7686189260345837e-02,
       -1.5383967509180699e-02, 1.0649592172541734e-01,
       -7.6218925456502967e-02, 2.7967890900217701e-01,
       -7.3404464464199060e-01, 5.6722834115423785e-03,
       -1.8875919725947578e-02, 1.0926639269692846e-01,
       1.1322240319675991e-01, -2.5262730190847665e-01,
       -7.7789893490938333e-01, -5.7072622884165800e-02,
       -1.1288700151646536e-02, 9.1256822553630754e-02,
       -1.4258108275048248e-01, -4.0487916500488497e-01,
       3.4738815451713567e-01, -4.3731811948856163e-02,
       -2.6490341529835697e-02, 9.5099520235341919e-02,
       -1.8865337061364415e-01, -2.8012774433294435e-01,
       2.3514280074913430e-01, -3.5719525251455372e-02,
       -1.7086912261629925e-02, 1.0067384045227491e-01,
       -1.8740032013893110e-01, -2.0884901518001424e-02,
       1.9248722693664255e-01, -7.1826417425142315e-03,
       -1.2388004712579651e-02, 1.0824268495980172e-01,
       -7.3412659946329895e-02, 2.4716804588613306e-01,
       2.8001491428289088e-01, 2.8626055542067819e-02,
       -1.9970424002525945e-02, 1.0595809026073243e-01,
       -6.9687061730759489e-02, 1.6848587539787488e-01,
       -3.0266654970643647e-01, 1.0480939175471092e-03,
       -2.0327054211700914e-02, 1.0752258351909182e-01,
       -1.5896326726695181e-01, -1.0009509018557226e-01,
       -1.3378633834907492e+00, -2.7451889504011503e-02,
       2.8199125929434667e-02, 1.0225796695225949e-01,
       1.6863267823306718e-01, -1.2361300358313021e-01,
       -1.2286310130766220e+00, -4.9036576279844923e-02,
       1.1230008077980498e-04, 9.7626841684871582e-02 ]
