%YAML:1.0
calibration_time: "Fri Apr 17 13:30:49 2015"
nframes: 10
image_width: 4000
image_height: 2250
board_width: 8
board_height: 12
square_size: 4.9000000581145287e-03
flags: 0
camera_matrix: !!opencv-matrix
   rows: 3
   cols: 3
   dt: d
   data: [ 2.3312914874054954e+03, 0., 1.9981143686756477e+03, 0.,
       2.3339364642279256e+03, 1.1318802974305106e+03, 0., 0., 1. ]
distortion_coefficients: !!opencv-matrix
   rows: 5
   cols: 1
   dt: d
   data: [ -1.3586590170236296e-01, 1.2742191002013989e-01,
       -5.4545025928491250e-04, 1.1874333380446622e-03,
       0.0 ]
avg_reprojection_error: 2.0971269310247098e-01
per_view_reprojection_errors: !!opencv-matrix
   rows: 10
   cols: 1
   dt: f
   data: [ 1.97002813e-01, 2.05405638e-01, 1.76084861e-01,
       2.86121428e-01, 2.12286755e-01, 1.69242814e-01, 2.14022785e-01,
       2.24953115e-01, 1.96958750e-01, 1.92379802e-01 ]
extrinsic_parameters: !!opencv-matrix
   rows: 10
   cols: 6
   dt: d
   data: [ -7.8386898432815239e-02, -2.0192880368576094e-01,
       -2.2054981115798115e-02, -1.2999541135494739e-02,
       -2.1147425244730296e-02, 8.1288665788574022e-02,
       -7.5979138768402274e-02, -4.2247738229016168e-01,
       -2.9508321284803216e-02, -4.4410518069771684e-02,
       -2.1746545000834817e-02, 7.8765386855454575e-02,
       -7.5924620947160057e-02, -4.8449751974289829e-01,
       -3.0148845117904992e-02, -5.1202607140761018e-02,
       -2.5809310856696487e-02, 8.0148484342154880e-02,
       -8.5844229324873886e-02, 1.6199842645564030e-01,
       8.4533365236601275e-04, 1.7695955367946731e-02,
       -1.7884390521778485e-02, 8.5387448370704708e-02,
       -8.1178074701948669e-02, -3.8993788910245866e-02,
       -3.2235295494387850e-03, -8.8698359139530666e-05,
       -1.8340120224125931e-02, 8.7014044771256349e-02,
       -7.7680920888894445e-02, -3.1194749713961994e-01,
       -1.0913102306434105e-02, -2.3875162820164178e-02,
       -1.8616169065012608e-02, 8.3357934681836152e-02,
       -7.5126276509576997e-02, -5.2903329850457526e-01,
       -1.6806677026762085e-02, -4.2271589127039641e-02,
       -1.9017383515808502e-02, 7.6067829360368239e-02,
       3.6551876008754473e-02, -6.2717840420724547e-01,
       -3.3443017751975210e-02, -5.5256717044308866e-02,
       -2.7028452589459646e-02, 7.1457611729932216e-02,
       -4.4120556131881628e-01, -3.5380048254925506e-01,
       7.2779245901078926e-02, -2.5644268552585486e-02,
       -1.7274577578610905e-02, 1.0762668740439905e-01,
       -4.2999108704718381e-01, -5.7525753098748555e-01,
       1.0037028624929822e-01, -5.7665124364970628e-02,
       -1.5078459248737663e-02, 1.0242792332782272e-01 ]
image_points: !!opencv-matrix
   rows: 10
   cols: 96
   dt: "2f"
   data: [ 1.62990503e+03, 5.31547302e+02, 1.76835962e+03,
       5.35523193e+02, 1.90399866e+03, 5.39819580e+02, 2.03649658e+03,
       5.44817505e+02, 2.16644653e+03, 5.49923767e+02, 2.29291479e+03,
       5.55591614e+02, 2.41592603e+03, 5.61233521e+02, 2.53592554e+03,
       5.67073364e+02, 1.63080640e+03, 6.66760559e+02, 1.77045508e+03,
       6.69248291e+02, 1.90707739e+03, 6.72173523e+02, 2.04081079e+03,
       6.75649048e+02, 2.17151831e+03, 6.79439331e+02, 2.29878174e+03,
       6.83381653e+02, 2.42281323e+03, 6.87487183e+02, 2.54320557e+03,
       6.91715393e+02, 1.63238440e+03, 8.04022156e+02, 1.77287854e+03,
       8.05151917e+02, 1.91055603e+03, 8.06788086e+02, 2.04510730e+03,
       8.08586609e+02, 2.17660327e+03, 8.10806091e+02, 2.30484595e+03,
       8.13137146e+02, 2.42937280e+03, 8.15507935e+02, 2.55024072e+03,
       8.18084351e+02, 1.63423145e+03, 9.43706055e+02, 1.77573413e+03,
       9.43578857e+02, 1.91419824e+03, 9.43629150e+02, 2.04933252e+03,
       9.43949219e+02, 2.18181543e+03, 9.44280884e+02, 2.31047900e+03,
       9.45053162e+02, 2.43575049e+03, 9.45546326e+02, 2.55717749e+03,
       9.46311951e+02, 1.63652283e+03, 1.08498987e+03, 1.77875708e+03,
       1.08334912e+03, 1.91783447e+03, 1.08181921e+03, 2.05379224e+03,
       1.08066638e+03, 2.18654736e+03, 1.07935339e+03, 2.31596216e+03,
       1.07817456e+03, 2.44163770e+03, 1.07705505e+03, 2.56371753e+03,
       1.07587109e+03, 1.63925854e+03, 1.22779602e+03, 1.78198853e+03,
       1.22475684e+03, 1.92180530e+03, 1.22169507e+03, 2.05823682e+03,
       1.21889807e+03, 2.19151196e+03, 1.21581360e+03, 2.32150317e+03,
       1.21287390e+03, 2.44728491e+03, 1.20993518e+03, 2.56977954e+03,
       1.20673926e+03, 1.64239319e+03, 1.37133923e+03, 1.78561987e+03,
       1.36710547e+03, 1.92575574e+03, 1.36235657e+03, 2.06255322e+03,
       1.35778418e+03, 2.19631079e+03, 1.35304700e+03, 2.32656201e+03,
       1.34838672e+03, 2.45286499e+03, 1.34340271e+03, 2.57571777e+03,
       1.33845898e+03, 1.64588074e+03, 1.51580945e+03, 1.78940271e+03,
       1.50996899e+03, 1.92985474e+03, 1.50367529e+03, 2.06702563e+03,
       1.49745740e+03, 2.20098340e+03, 1.49096851e+03, 2.33141699e+03,
       1.48431079e+03, 2.45803540e+03, 1.47753564e+03, 2.58095312e+03,
       1.47059033e+03, 1.64964929e+03, 1.66045239e+03, 1.79348169e+03,
       1.65281287e+03, 1.93395093e+03, 1.64489832e+03, 2.07114185e+03,
       1.63731348e+03, 2.20542798e+03, 1.62891577e+03, 2.33607178e+03,
       1.62055676e+03, 2.46285986e+03, 1.61205774e+03, 2.58618115e+03,
       1.60331458e+03, 1.65392346e+03, 1.80481628e+03, 1.79766187e+03,
       1.79584045e+03, 1.93829163e+03, 1.78651306e+03, 2.07571704e+03,
       1.77685718e+03, 2.20991968e+03, 1.76698474e+03, 2.34053394e+03,
       1.75679749e+03, 2.46751660e+03, 1.74647876e+03, 2.59084717e+03,
       1.73591370e+03, 1.65791345e+03, 1.94923376e+03, 1.80199280e+03,
       1.93863171e+03, 1.94263086e+03, 1.92775317e+03, 2.07985010e+03,
       1.91657715e+03, 2.21401343e+03, 1.90495520e+03, 2.34476196e+03,
       1.89320276e+03, 2.47183496e+03, 1.88098535e+03, 2.59538110e+03,
       1.86876221e+03, 1.66256628e+03, 2.09330835e+03, 1.80638721e+03,
       2.08113965e+03, 1.94699841e+03, 2.06862915e+03, 2.08418652e+03,
       2.05562573e+03, 2.21839258e+03, 2.04255151e+03, 2.34895874e+03,
       2.02896814e+03, 2.47598486e+03, 2.01517859e+03, 2.59970215e+03,
       2.00138220e+03, 7.33183105e+02, 5.10664978e+02, 8.83438782e+02,
       5.21487854e+02, 1.02739844e+03, 5.31644775e+02, 1.16555176e+03,
       5.41753235e+02, 1.29930334e+03, 5.51533325e+02, 1.42787964e+03,
       5.61161194e+02, 1.55185413e+03, 5.70564026e+02, 1.67180017e+03,
       5.79690247e+02, 7.31516052e+02, 6.47364380e+02, 8.82452759e+02,
       6.55301270e+02, 1.02718616e+03, 6.62723206e+02, 1.16609509e+03,
       6.70164124e+02, 1.30030762e+03, 6.77494324e+02, 1.42989600e+03,
       6.84656433e+02, 1.55475415e+03, 6.91666809e+02, 1.67522107e+03,
       6.98569275e+02, 7.30619324e+02, 7.85580261e+02, 8.82156677e+02,
       7.90579773e+02, 1.02747107e+03, 7.95585449e+02, 1.16711963e+03,
       8.00349731e+02, 1.30191907e+03, 8.05183838e+02, 1.43207117e+03,
       8.09817017e+02, 1.55768481e+03, 8.14504028e+02, 1.67861707e+03,
       8.19100037e+02, 7.30328552e+02, 9.25621521e+02, 8.82538086e+02,
       9.27919128e+02, 1.02835266e+03, 9.30249695e+02, 1.16864478e+03,
       9.32499329e+02, 1.30406311e+03, 9.34643066e+02, 1.43476807e+03,
       9.36923462e+02, 1.56085107e+03, 9.39188965e+02, 1.68250281e+03,
       9.41270874e+02, 7.30833435e+02, 1.06715894e+03, 8.83524963e+02,
       1.06648584e+03, 1.02985400e+03, 1.06611414e+03, 1.17064136e+03,
       1.06571143e+03, 1.30665356e+03, 1.06549023e+03, 1.43793408e+03,
       1.06519202e+03, 1.56438855e+03, 1.06480615e+03, 1.68659509e+03,
       1.06458826e+03, 7.31867859e+02, 1.20983655e+03, 8.85284729e+02,
       1.20651624e+03, 1.03201721e+03, 1.20335620e+03, 1.17332983e+03,
       1.20048621e+03, 1.30983765e+03, 1.19749023e+03, 1.44158325e+03,
       1.19453931e+03, 1.56856116e+03, 1.19188062e+03, 1.69119849e+03,
       1.18914954e+03, 7.33641296e+02, 1.35349475e+03, 8.87498230e+02,
       1.34729773e+03, 1.03500745e+03, 1.34155566e+03, 1.17671521e+03,
