%YAML:1.0
calibration_time: "Mon Apr 20 15:42:53 2015"
nframes: 16
image_width: 3264
image_height: 2448
board_width: 12
board_height: 8
square_size: 4.9000000581145287e-03
flags: 0
camera_matrix: !!opencv-matrix
   rows: 3
   cols: 3
   dt: d
   data: [ 3.0340128262242461e+03, 0., 1.6419964729751764e+03, 0.,
       3.0304091518096407e+03, 1.2284558016334161e+03, 0., 0., 1. ]
distortion_coefficients: !!opencv-matrix
   rows: 5
   cols: 1
   dt: d
   data: [ -2.1188773179703975e-02, 8.9928022902403848e-01,
       1.1522487746798604e-03, -1.3534694334734348e-03,
       -2.5360995233461123e+00 ]
avg_reprojection_error: 5.5176179924786739e-01
per_view_reprojection_errors: !!opencv-matrix
   rows: 16
   cols: 1
   dt: f
   data: [ 1.20036757e+00, 5.73327661e-01, 3.25120628e-01,
       7.43216336e-01, 3.93741161e-01, 3.71995330e-01, 3.46597910e-01,
       7.37774849e-01, 5.39364159e-01, 3.80957365e-01, 4.87045616e-01,
       3.27776521e-01, 5.99422157e-01, 2.72013575e-01, 3.10151130e-01,
       4.18756276e-01 ]
extrinsic_parameters: !!opencv-matrix
   rows: 16
   cols: 6
   dt: d
   data: [ -2.7392749436000864e-03, 1.0618331206979620e-01,
       6.7355113050619267e-03, -2.9536336289532394e-02,
       -1.9750941710587871e-02, 7.4468352488775563e-02,
       -1.4834721189901348e-01, 1.1340534593781181e-01,
       5.0171502712816028e-03, -2.8880480077842881e-02,
       -1.8223436337735658e-02, 7.6349082734755311e-02,
       1.0246285600215166e-01, 1.2311786957110997e-01,
       2.2832186267709983e-02, -2.8583929869052137e-02,
       -1.6232278480354724e-02, 7.1368565448809942e-02,
       1.5652579380266988e-02, 1.9706909186152308e-01,
       5.2829277409027434e-03, -3.0143260333332419e-02,
       -1.7619621479915498e-02, 8.0561182337368142e-02,
       1.6722022578741669e-02, 3.5504101003788251e-02,
       -4.7466692813763513e-03, -2.9730995366142168e-02,
       -1.7843813475218833e-02, 7.6161407120377195e-02,
       -2.7886073583882037e-01, 3.1492845239227442e-02,
       3.4501115126479055e-02, -2.3877962161960420e-02,
       -1.7337699396952299e-02, 8.5450144333114528e-02,
       1.7864163248933934e-01, 3.0620086840566492e-03,
       5.6945174884684549e-02, -2.9597649143689297e-02,
       -1.9617947102975666e-02, 7.5220277626515106e-02,
       -1.4992901298857914e-01, 1.8068928369490714e-01,
       -1.4473110508260641e-02, -3.2195200450018197e-02,
       -1.8172566434684664e-02, 8.4370657097435006e-02,
       9.8005289307024068e-02, 2.4170421839211445e-01,
       8.9353330865307445e-02, -2.8379165733551062e-02,
       -2.3601913873879967e-02, 8.1391830173336885e-02,
       -1.3851927317249064e-02, -3.8623289487840974e-02,
       -8.0089320621349821e-04, -2.7399369411376731e-02,
       -1.4379349514553243e-02, 7.6506664924915993e-02,
       -2.3328329382837437e-02, 1.8270795913697488e-01,
       -6.7720411350748987e-03, -3.0814354254398300e-02,
       -1.6232917436679383e-02, 8.9097390832085066e-02,
       4.9815260010869243e-02, 1.7587210021807304e-01,
       8.2439171808045664e-02, -3.0111863426079601e-02,
       -2.1913803998490113e-02, 8.7291020448955953e-02,
       -1.0410224993153204e-01, 1.6782204291518477e-01,
       -2.6779904729263386e-02, -3.2336479211160736e-02,
       -1.2791419374339461e-02, 8.9750904459954470e-02,
       -2.6254571818082970e-03, 1.9720606735019450e-02,
       -4.7684162920491185e-03, -3.0002531822512724e-02,
       -1.5771742412755536e-02, 7.5902841080614486e-02,
       9.2487221032879874e-02, 4.3104616653779265e-02,
       1.3261878040127906e-02, -2.7666032132747296e-02,
       -1.6862029389619490e-02, 7.4734587020948540e-02,
       -1.0747389221040524e-02, 1.6329378537184799e-01,
       -2.1755852722878909e-03, -3.1249764114250914e-02,
       -1.8625696880429372e-02, 8.7388932433781166e-02 ]
image_points: !!opencv-matrix
   rows: 16
   cols: 96
   dt: "2f"
   data: [ 4.21572601e+02, 4.14786652e+02, 6.19908691e+02,
       4.14614746e+02, 8.16421082e+02, 4.10005524e+02, 1.01849414e+03,
       4.10177856e+02, 1.21860303e+03, 4.04588318e+02, 1.42396924e+03,
       4.03106232e+02, 1.62862000e+03, 3.96506531e+02, 1.83962756e+03,
       3.93741760e+02, 2.05042773e+03, 3.85524658e+02, 2.26887793e+03,
       3.81738556e+02, 2.48898267e+03, 3.72478333e+02, 2.71637646e+03,
       3.67344299e+02, 4.22820099e+02, 6.19325195e+02, 6.17505920e+02,
       6.16108215e+02, 8.18043579e+02, 6.16878296e+02, 1.01634613e+03,
       6.13359314e+02, 1.21925305e+03, 6.13272400e+02, 1.42128369e+03,
       6.08691345e+02, 1.62835901e+03, 6.07406067e+02, 1.83605603e+03,
       6.02330078e+02, 2.04944019e+03, 6.00681396e+02, 2.26446533e+03,
       5.94575806e+02, 2.48653296e+03, 5.91189697e+02, 2.71166260e+03,
       5.84379456e+02, 4.20340271e+02, 8.19278564e+02, 6.18963989e+02,
       8.20526184e+02, 8.16302002e+02, 8.18896667e+02, 1.01682550e+03,
       8.19396912e+02, 1.21646912e+03, 8.16568054e+02, 1.42079749e+03,
       8.16683533e+02, 1.62563672e+03, 8.13682556e+02, 1.83544934e+03,
       8.13288086e+02, 2.04610938e+03, 8.10302612e+02, 2.26295435e+03,
       8.09458374e+02, 2.48208252e+03, 8.05364075e+02, 2.70933423e+03,
       8.03435547e+02, 4.20601318e+02, 1.02194031e+03, 6.16878113e+02,
       1.02123883e+03, 8.16383118e+02, 1.02269507e+03, 1.01454706e+03,
       1.02174896e+03, 1.21592688e+03, 1.02274689e+03, 1.41826562e+03,
       1.02146136e+03, 1.62487244e+03, 1.02223376e+03, 1.83313306e+03,
       1.02104510e+03, 2.04533813e+03, 1.02202875e+03, 2.25995410e+03,
       1.02075641e+03, 2.48057983e+03, 1.02108905e+03, 2.70549072e+03,
       1.01940179e+03, 4.18536285e+02, 1.22248279e+03, 6.16538818e+02,
       1.22407092e+03, 8.14279541e+02, 1.22478613e+03, 1.01364783e+03,
       1.22656921e+03, 1.21374475e+03, 1.22711255e+03, 1.41712549e+03,
       1.22897278e+03, 1.62274316e+03, 1.22979651e+03, 1.83236218e+03,
       1.23149817e+03, 2.04309351e+03, 1.23238049e+03, 2.25885962e+03,
       1.23438574e+03, 2.47775903e+03, 1.23517371e+03, 2.70409790e+03,
       1.23744495e+03, 4.17068268e+02, 1.42473047e+03, 6.14087219e+02,
       1.42595898e+03, 8.12903259e+02, 1.42838916e+03, 1.01164514e+03,
       1.43024854e+03, 1.21248694e+03, 1.43282849e+03, 1.41537830e+03,
       1.43553760e+03, 1.62163379e+03, 1.43869263e+03, 1.83020361e+03,
       1.44113684e+03, 2.04191968e+03, 1.44408398e+03, 2.25708252e+03,
       1.44679761e+03, 2.47715063e+03, 1.45073877e+03, 2.70251440e+03,
       1.45439368e+03, 4.14753021e+02, 1.62617383e+03, 6.11917847e+02,
       1.62896973e+03, 8.10598755e+02, 1.63157910e+03, 1.00998730e+03,
       1.63484473e+03, 1.21090088e+03, 1.63825977e+03, 1.41429126e+03,
       1.64239453e+03, 1.61996741e+03, 1.64643640e+03, 1.82892053e+03,
       1.65081445e+03, 2.04051917e+03, 1.65538770e+03, 2.25645825e+03,
       1.66064294e+03, 2.47651294e+03, 1.66626807e+03, 2.70271338e+03,
       1.67259448e+03, 4.12388214e+02, 1.82925195e+03, 6.08790527e+02,
       1.83294800e+03, 8.08028687e+02, 1.83648145e+03, 1.00771387e+03,
       1.84050745e+03, 1.20920349e+03, 1.84497266e+03, 1.41258801e+03,
       1.85013196e+03, 1.61865674e+03, 1.85572314e+03, 1.82758533e+03,
       1.86147119e+03, 2.03975073e+03, 1.86796667e+03, 2.25608862e+03,
       1.87535010e+03, 2.47676025e+03, 1.88330176e+03, 2.70294775e+03,
       1.89187415e+03, 4.79478088e+02, 4.97262299e+02, 6.70685242e+02,
       4.93021301e+02, 8.64316772e+02, 4.89130219e+02, 1.05910974e+03,
       4.84607330e+02, 1.25563501e+03, 4.79726288e+02, 1.45406287e+03,
       4.73987427e+02, 1.65531873e+03, 4.67821533e+02, 1.85947302e+03,
       4.61109406e+02, 2.06724219e+03, 4.53586487e+02, 2.27938428e+03,
       4.45315887e+02, 2.49602026e+03, 4.36302979e+02, 2.71763257e+03,
       4.27157501e+02, 4.66833710e+02, 6.87471497e+02, 6.60492371e+02,
       6.84533569e+02, 8.55726440e+02, 6.81603516e+02, 1.05195093e+03,
       6.77952454e+02, 1.24977039e+03, 6.73939880e+02, 1.45012158e+03,
       6.69271973e+02, 1.65292810e+03, 6.64487061e+02, 1.85911230e+03,
